A
1235746
1325476
2175364
2715634
3145267
3415627
4365172
4635712
6475321
6745231
7265143
7625413




B
1247563
1427653
2157436
2517346
3567241
3657421
4167235
4617325
5237164
5327614
6347512
6437152




C
1276354
1726534
2136745
2316475
3246157
3426517
4356271
4536721
5476312
5746132
7156243
7516423




D
1346527
1436257
2476153
2746513
3156472
3516742
4126375
4216735
5376124
5736214
7256431
7526341




E
1347625
1437265
2457163
2547613
3167452
3617542
4127356
4217536
5267431
5627341
6357124
6537214




F
1354726
1534276
2564173
2654713
3174562
3714652
5124367
5214637
6274531
6724351
7364125
7634215




G
1354762
1534672
2674531
2764351
3174526
3714256
5164327
5614237
6254713
6524173
7234615
7324165




H
1376245
1736425
2356147
2536417
3126754
3216574
4576213
4756123
5246371
5426731
7146352
7416532




I
1376254
1736524
2346157
2436517
3126745
3216475
4256371
4526731
5476213
5746123
7156342
7516432




J
1453726
1543276
2563174
2653714
4173562
4713652
5123467
5213647
6273541
6723451
7463125
7643215